00000110000000100011011100011100001110110101011100110001000010000011110100010001000111110111010000001101001001000011101100011110000111010101000100000100000110000011111101001011000001110010000100101010001100000110101000101101001101110000010100111110000111000000111000100001000010100010010000111001000100000110111000001111000000010010001100101000000111010011100000101000001011100000001100000110011101010001110100111110001001110001111101101010000111110001111100101111011001010010000100100011010101000000111000110011
00011111000111100010100000010110001100100101011100101100000111010010001100010100000111010000011001101001001000100011100100010010000001100011010100011110000101010011111000100101000100100100110000111010001100000110101000100010001110010000100100100010000010110000100001010101000010100010010001001100000001100000000100000010000010100011100000111101011101000010011000101010001000000000001100000000011101010001100100111110001001110001101000011111000011010111101000100110000001000010100100101001001001110001111000111011
00001110000011000100010100011111001101110011101000111101000010110100111000000101000100010111010000011101001111100010010100000001000001100010001001110111000101000010110000101110000101010011100000101110001101110110101000100111001101100001111100101000000111100000100000100111011011110011010100101011000001110001101001101110000101010011111100110100000000100010001000100101001001100001111101100001000100000001010000110111001000110000111000000100000110000000111100100110011001010010110000100010001000000000111000111101
00001111000111110100010100011100001110000011111000110101011110000010000000000001000000110000000100001100010010110010000100011110000000110010010000000011000000010010101000111111011001100010110100101100010001000001111000100111001101100000100000100100000111010001100000111011000110110101000000111010000010110001101000001111000000000100101000110101000101010010110000100101001001100110110100000111000100000000101000111111001010110000010100011110000110010001011101001011000011000010010000101111001000010000011100110011
00011001011011010010000000001100010101100011100100110111000101100100111000001101000111000111010000000001001010100011010001110001000001110011000000010101000110000011111100101010000101010011111100101010010001000001101000100010001110010001111100101000000110000110110100110001000001100011001100111000000101110000001100011101000100010100101000101001000000010010001000111000001101100001100000000100011101010001010100110111001110100001111000011001011011000001101100100111000011000011010000111001001101010000011001011010
00001111000000010010000000010000001100000011001000110110000111000100111000001001000110110111010000000000001001010101011100011111000110100011110100011011000100000100101100111011000010010011111100111010001000010001100000101011010110000001100000100010000101010000000100111100000011000011100100111000000101110000101000000111000010110100101000111001000110000010001000111010001100100000110000001100011101010001100100100111001011010001111100000101000111100111101000100101000000000011010000111001001100010110101100101100
00000011000110010010010000011100010101100010001100111101000101010011111000010001000000010111010000011000001111100011011000011100011011110010000100010010000111010010011100101110000010000011100000101010001101110001101100111011001111010110101100100011000111000000111001010101000110100010001000100010000000110110111000001011000100010100101000101000000111000010101000111001001000100001100100010011000101000111100000100010001001100000101000011000000010010000111000111001000001000100010100100001001101010001100000101001
00001011011011010010100000011000001001010010010000111001011110000011101100001000000001100000011000000000001010000011111000010100000111000101000100010010000001010100101100100110000010010010000000101010001101110001111000100111001111010110101100101100000110100110110100110011000010100010010100101011000010110000111100011010011001010011100100111101000100000100101100100111001000100000111000010101000000000000101101010010001110000000111000011001000110000001001100101001000100000010100100111001001110010110101100110111
00001011000110010011000100010000001001010101011100111110000011010011110100000111000101110111010000000000001011110101011100000111000010100011110100011110000001010100101100111110000100100100110000111011001010110001100000111010001101110001100101001101000010010001111100110000000110110011100100111001000011110110111000011000000011000011110000111101000001100011100100101010010001110001100100010100000001110000100000111011001111010110101100001111000010110001111100111000000100010010010000111111010101000001101100101000
00001111000110010010110000001100001110110101011100111001000111010010000000000001000100110001101001101001001110110011111100010000000111010011010000000011000000110010101001001011000010110010110100101000001010100000101101001110001110010000100001001101000100000000001101010101000011100010001000101111000101110110111000001101000100000011100000101011000000010011100001001011001000100001100000001000000001100001010100111101001010100110101100011011000110010001001100111000011001010011001100100101001000100000111000101000
00011000000011000100010100010111001111110011010100110000011110000010110100010110000100110000011101101001001110110010001000011101000110010011100000011001000100000011100101001011000010110010110100111011001100000000001100111101010110000001100000101000000111010110110100110000000000110011010100100001000001110000000000011010000100000010011101011000000000000010111000100110001101110001100000010010011101010001110100110101001010110001100000011110000011010000100101001011000101100010000000101000010101000000011000111011
00000110000010000011011000001100001101110011001100111001011110000010100000000101000111110001000100011010010010110011011000010010011011110010010100000010000000110011101100100010000101010100110000101010001000110000111100111101001011000000101000111110011110010001111000110000000010110101000000100010000001110000110101101110000100000010011000101100000001100010001000101000001000100001111001100001000100010000110100111011010011100001100000001011000111000001001100101110000010110100010100101001001100110000111000101110
01101010000000000010110001111001001100100011111000111111000101100010011100010111000000010001110100000100010010110011001100011000000011100011110001110111000000000011111000100010000101010100110000101010001010100000001100100011010110000000011100100010000110110000001000100111000110110011100100111111011000100001110100001101000000000010011000111101000001100010001000111000001101100001100000000100011101010001111000110111001111000000011000001111000000100000111000111110000010000100010100101000001000010000001001011010
00000100000010000011010000001100001100110101011100111001000101000010011100010101000001110001010100000100010010110010000100010100000111000010010100011110000100110011111000100111000100110010000101001111001010010000010100111100001110100000001001001101000110110000000100110100000000010011010000100101000101100110111000001101000100000011100000101011000000010011100001001011001010010001100000001111000101100111100000100001001010110000111101101010000110100001111100100111000011000011000101001100001100000000001000111101
00000100000001000011011000001010001111110011101001011000000010110010000100000000000100110001100000001100001110000101011100011111000001100010001000011011011100010011100000111110000101010010111100100110001101000000001100111010010110000000101000101001000100000001110100111100000111000011001100100101000011000000100101101110000001110010001100111010000100010010010100101111001100100000000001100001000100000000101100100110010011100001111000000110000110000000100000100010000001100010110000101001001001110110101100110011
00000100000110010010000000011110001100110010010101011000000010010011101100001101000000010111010000001100001111110101011100000010000000000011110100011011000110000010100000100010000100100011100100101011001011010000010001001110001110010000100001001101000101100001111100110110000001100101000000111100000010100000111100011101000000000010011000110100000000010011100001001011001000110000010000000010000000010000110100111111010011100000110100011111000111110001100100101110011001010011000000111000010101000001101100110110
00001011000011100010000000001011001101110010001101011000000101110011110000000111000110110111010000000111001111100011101100011101000011100101000100000111000101000010011100100111000000110010001000111011001000010001100100111111001011010000111001001101000111010000010000110010000000010011100100111111000100010000011100000011011001010010111100110110000111010010011001001011001101000000010000010101011101010000101100100111001111010001101100001111000000100001111000100010000101100011011000101001010101000000001000110100
00011110000010000011011100011101001000110011101001011000000110110010000100001010000000010001000100001010001111110011001000000101000110100010001101110111000111010010001000101001000000110011111000100000010001000000001100101010010110000000110100101100000011000000111000111100000011010010010100111111011000100000000000000111000101100010011001011000000000000010001000100101001001000000010000000101000000000001011000100110010011100000111000001101000010010000111001001011000101000011000000100101001001110110101100111000
00000110000011000010101100011101001111110010001101011000000011000011101100010110000000100001110100011010010010110011010000000100000111010010001000000010000000100100101100100010000010000100110000100111001001010000100101001110001010000000111000100001000101010000100000111011000110110011010100111111000100110001101100001011011001010010111000110001000100110010010100100010001101000001111000001000000110000111100000110111001000000000001000000111011011000000100100100010000100010100010100101101001110010000111000101110
01101010000110110010000000010111001100110011100100111001000011000010011100010111011100100000000100011011001001010011011001110001000010100011011000010010000001010100101100111101000000110010000000100110001100000110101000101111001101000000001000111100000011000000100000100001011011110010001100101101000001010000011100011010000100010010001100101011011101000010001000101111010001110000111000001110000110110000101100110111001011010001111100001111000110000000111100111001011001010011010100111001001001100001111000101001
01101010000110000011000101111001001100000011011000101101000110110010011100000110000001110000011101101001001110110010001000011101000110010011100000011001000100000011100101001011000101100010001100111101001100000000101101001110001101000000010000111111000111000000000001010101000000100011111100100000000011100000011100011101011001010010101100110100000111010011101000111110001001100000000001100001000000000000110001010010001111100000010000011000000110000000111000100010000100010010101000111110010101000000011100111111
00000101011011010010010001111001001110000011100000110110011110000010101100001010000110110001100101101001001110110010010100010000000010100010001000010010000111110011111101001011000000110010000000101010001010010000111100100000001011000001111000100000011110010000101100110100000011000011100100100000000010110001110100000111000101100100101000110100000100010010010001001011001100010000100000001101011101010000111000111011001110100000101000001111011011000001111100111111011001010010100100101001001110110110101100111110
00011111000001000011011001111001001000110010001101011000000111000010011100000101000111110111010000011000001111100011011000011100011011110011111100000010000111010010011100101010011001100010110101001111001000000000001100101111001101010110101100111110000101100000000100111001000001100011001100100101000101100001101100001010000011000010010001011000000000000010111000100110001101110000001000010011011101010001000100110110010011100000111000011111011011000001010000100010000101100010100101001100001110100001111000110100
00001001011011010010110000010111001000100011001000111111000111010011110001100100000001000001110100011101001010100011001001110001000001010010010000000100000001010010010001001011000000110010101100101010001100000110101000100011001110010000110000100011000110000110110100110011000010100010001000100001000001110000000000011010000100000010011101011000000111010010101000101000001100100000000100001000000001100111100000110111001110110110101100000100000000110001010001001011000001100011011100101101001001110110101100101001
00001111000000000011010100011100001001000101011100111001000011010010110100010000000111010000011001101001001001010011001000000000000110100011010001110111000001110010001000111111000001110010100101001111001100000000111100100011001010000001111000111110011110010001110000100000000011100011110101001100000100100000101100000010000010010010111100110110000000000010111000111000001101100001100000000100011101010001011000110111001011010110101100000100000011010001011101001011000010000010010000101001001101110000111000110100
00001011000111100100010100001111001110010011101100101101000011000011111000000101000001100111010000001011001001110011011000011111000010110011100000000011011100010010101000100111000011110011110100111010001001010000011101001110001111010001111100100100000110000000000001010101000010100010001000101101000101100110111000011000000000000010011000110001000000000100101100111000001001000000100000001101000100000000101000111011001111010001101000011111000010010111101000111101000011000011001100101001001001100001100100111011
01101010000011000010000100010000001001100011111000101011000110110010011100001010000101010111010000001000001111110101011100011000000000010101000100000011000101000010011100100111000100110011111101001111001011010000010000111010001111010000110000101000000010110110110100110011000010100010010100101011000010110000111100011010011001010011101000101010000100010011111100100010001100100000000001100001000000110000110100111110001111100001111000011110000011010000111000101110011001010011011000101101001001000000001000111111
00000100011011010010101100011100001101010101011100101011000110010010100100001101000001100000000000000000001110000101011100010000000000110011100000000110000001000010101000100110011001100010000100101110001010000000111100111101001011010000101000101001000110000110110100110111000001100011001000101001000011000000101000011011000010000100101000111001000001100010100000111110010001110001101100001000000000010001100100110111010011100001110100000011000110100001111100111001000101110010010001001100001000000000111000110110
00000110000110000011011001111001001111110011100101011000000100000010111100000111011100100001110000001000001010010011111000000101000011100010001000000100000101000100101100100110000100110011111101001111001010010000101100111011001010100000001000111110011110010001101100111100000110110011000100101001011000100001101100000010000100010011100000110001000101110010001000101110001101000110110100001101000100000001011101010010001001110000010100011110000010010001110100101110000101110100010100100001001101010000011100111111
00011001000110000010010000011101001101110101011100110110000101110010000001100100000111010001000000000000001001000101011100010100000110100011100000000100000111000010010000101111011001100010000000101110001001110000001100100000001100010000101001001101000110000001100101010101000111100010010100100101000100010110111000011100000011000011100100101101000001110100101100111101001001100001111100001000000000000000101101010010001111010000001000011110011011000001101100100110000000000011000101001100001110010000101000101110
00011110000001000011011001111001001000000010001000110100000010000011101100010000000100110000000000001100010010110011001000011111000001100011110001110111000111110011111000100111000010100010110101001111001001010000011000100111001010010001111000101000000011010110110100111100000011100011001100111001000011100000011100011101011001010011111100101010000110100010101001001011001011100000100101100001000000110001011100111110001110110001111100011010000011010000111001001011000010010010010000101111001000010001100001011010
00000110000011000010101000001011001100110011001000101100011110000010000000001011000111000111010000001010001111100010010100010000000011010011100000000011000001000011100101001011000101000010010100111100001100010001100101001110001011010000011100111001000010110000010000110110000001100011010100111111011000100001101000011100000011000011100100101100000111010011101000111110001000100110110100001111000000000001010000111110001011110110101100001011000000000001001100111010000100000010000000111000010101000000111000110100
00000011000000000100010100001101001110010010010100101100000101110011110001100100000100110000000001101001001010100010001000010010000110110011111000000101011100010010101000101000000001010011100100100010001101110000101100100000010110000001111100100010000010110001100100111010000111010101000000111100000011010001110100011011000000000011100000111101011101000010101000101000010001110001100000010101011101010001101100111101001000000001100000001111000111010000111100101010000100010100010100111111001100010000011000101010
00001111000111110100010100001111001111110010000100111101000010100011110000000101011100100001010100000101001000100010011000000100000011100011110001110111000101000010011100101110000011110010101000101010001010100000111001001110001101010000001001001101000100000000001101010101000000010010010100100000000011100000111101101110000101010010010100101011000000010010111000111001001000100110110100010010000110100001010000111110001001110000100000000011000110000000111100101111000011000010101101001100001101010000011100110011
00011011000110000010010000010100010101100011100100110001000010110010001001100100000111000000000100000111001010000101011100011100000001100101000100011110000000010011100000111110000010110100110000101001001001010001111100101101001100010000100100111000000010100110110100100011000001100010010000101101000001110110111000001111000010010010001100101001000000010010111000111111010001110000001100000100000101100111100000100111001000100000011100001011000000010001100100100100000101110011010100101001001001100110101100111100
00001111000000010010110000001010010101100011001100110111000101100010101100000111011100100001000100011101010010110011100000010101000001100011111001110111000000010010111000100111000010100010100100100001001100000000111100111101001010010001111000101000011110010000100100111100000011100011110101001100000101000000000100000010000100000011111000101000000101010011111101001011001001000000001000001100000110000001011100110110001000010110101100000011000010000111101000101000000100000011011100111111001000010001100001011010
00000111000010000011000100001100001001010101011100111001000101000010011100010101000001110001010100000100010010110011001000011101000010100011100000010001000101000010010100101111011001100010000100100110010001000000001100100000010110000000010100111000000101010000000100110100011011110010000000100011000100010001101100001011000101110010111101011000000001110010010000100111001010110000010000000010000111000000110000100111001010100000001000000100011011000000100100100010000100010100010100101101001110010000111000101110
01101010000110110010000000010111001100110011100100111001000011000010011100010111011100100000000100011011001001010011011001110001000011000010010000000101000000100011111000111000011001100010100100101000001000010001111001001110001101100001111000100011000110100110110100100110000011000011010100100000000001110001110000000111000101100011101100101101000100010100101100111101001011100001101100000100000001110000101000110011010011100000011000001011000110010000100000100010000101100100010100111100001110000000101000101110
00001111000011000100010100011101001111110011010000101100000011010010001100010111000001100111010000011111001011100010010000000101000001100011001100000010000111010011111000100110011001100011111000100111001010110000010000101101001011010001100001001101000111000001111000100001011011110010000000101001000011100000001000001011000010110011111000111101000001110011101000111110001000100110110100001001000100000001011000110110001111000000111000011000000001010000111001001011000000010010101000100000001110110001100101011010
00000111000011000010001000010111001101110101011100111101000111110010101100010000011100100001000100011010001111110101011100011101000000000010001100010010000111000100101100100010000101100011111100111010001010010110101000101010001101110000011100100010000010110110110100100110000001100010010001001100000000110000001100001011000100010100101000110100000101010010010000111001001000100000100000010101011101010001011000111101001000000110101100001001000110010000100000101010000001110010110000111000001000010001100101011010
00001101000111110010010000001111001111110011001100111001011110000010111100010110000100010000000101101001001010100011010001110001000110110011111000000101000001010010010000111001011001100010100000100110001000110000010000100111001010110001100000100100000101000110110100110110000000000011111000111010000000110000001000000010000011000011100101011000000101010010111000100101001000100000110000001111011101010000001000101000001101000001000100010000000101100000000000110001000111110011111100110110001011100001000100100000
